cb 3.0
rb 2.0
ob 3.0
kc 0.15
kr 50.0
kd 0.0
ko 0.0
kg 0.0
scaling linear
exp_rate 0.2
speed 0.05
stability_factor 0
pc 1.0
pr 1.0
perim_coord false
goalx 0.0
goaly 0.0
# POS_X, POS_Y --
0.0 0.0
12.092094140684871 -7.035798282739446
-18.645550018996527 -1.9935202837546697
-6.27358557854901 -16.703462983997465
16.47001375541904 -4.237602302188087
-9.898684254982463 -12.320162807743289
-12.951950117269377 -3.979059139068063
19.599934130028636 3.255417838083936
4.422268540820298 1.847911280824647
-6.82082849304749 14.880150602792966
-19.814746064974464 12.764860259853556
-12.571897904179723 4.622446567919422
-19.801362608145055 3.600029891682304
-10.037166274557915 4.381191565198819
-1.2551504532299589 -2.8087915359920146
-6.168105919489673 -18.732064584477364
0.6021029434794514 -6.89715727227763
-7.040155945836265 15.213133351335308
-19.38313167847571 8.894765454570827
-17.306476050139466 3.2813239750961323
12.174664962141563 6.320089548204315
11.599998306482227 -18.167432175308008
-14.418009509254928 3.9894435350036836
16.391030560227946 -11.858796251900166
9.344535329761246 15.452774383202787
-6.300847319623838 9.44895720167516
5.265968287085109 12.611047145185381
11.8089502512953 5.6618399734297995
-5.590035770579277 16.5886643450675
0.7250595633052903 -12.3607517643422
4.426028111505648 -16.525972743133615
-10.364038625566021 -15.932480968490964
12.247465022206214 -2.1250464729248293
11.014274950042235 -12.19001694755487
-2.796079686880141 -9.701520770167097
-0.010156143011140983 -6.80307852772788
-17.43601241666433 -16.66945155867706
-9.824790771167251 -9.06128523071969
11.715566591888415 0.6004287743910162
-18.50710039108443 16.958482233370262
11.996867471683327 -6.120171153434711
-16.071441101047384 12.080032638703202
10.977970226654058 8.136606923167896
-8.148732301293805 -17.283797041340094
17.127497018477925 10.757398193736115
16.500035249958785 -2.7694196162032654
-11.610385174341506 -9.098400052756519
4.560778052749356 16.163518632990183
6.497170290508937 -7.392414181353928
-0.5384599796728224 -2.016295488544845
12.874627163961463 -13.941310507713705
-18.596431805639412 -13.204660279048976
-19.571981126671773 10.659608770464356
4.091891132703516 13.236212114453437
-6.085615090238647 16.388274177775585
16.963044543026534 -7.972663500661653
-8.768084335021392 -1.7845555527299162
5.899540932900113 10.312368739588777
0.560234169873123 -18.904585688583218
12.004567405914251 -11.058528371442344
-9.570775193187657 2.335669762647722
-15.56098233002826 10.795154083403947
-14.164270303191646 -16.25615709391682
-19.335678881885627 18.131301353467087
-7.5279175887425875 -10.475631770048013
-16.746519330926258 -2.2340019123537083
11.809323739389193 11.239015546314882
11.811588158999847 10.90283980767962
-9.23305835552387 16.408114879065437
-16.74515666252768 3.392565697898373
15.511455753466478 13.936711837303221
18.282942813070818 -1.6378983272194816
7.328125110888777 -12.542056936540176
13.403509789902898 -17.089563577072447
7.377929358776409 -17.04514921964153
-14.985196269418175 17.770053894299586
-7.954838944172593 19.566983053686414
-15.499705575591385 -2.6816806111204947
-12.469795064769515 6.200959549777597
6.542815743726269 -0.38802280800663524
-5.639444721651268 8.41104820803817
-1.011402664251122 -18.68895463958615
-17.750824834039058 -13.78545271881178
15.294431597210014 16.50252317238744
6.84522056223112 7.937028904105496
6.937004673209334 1.1626240437041133
10.665130399087293 -11.300043877668626
-4.169486133660429 -12.098488769656965
-15.5273315833136 2.1360781976923136
10.540864099074106 -17.87494793392803
5.446312446706635 15.023362462488777
4.74368557442083 -15.776275095134311
-15.55682092127217 -3.0674214268663924
17.881485276161733 18.749486260419673
12.112015806357626 -4.095926745184478
3.7022996763718368 -4.48341616427407
0.3961921931856196 10.309427700967241
-11.998957558018514 -12.971458077741813
-14.199602484628056 10.275796740619061
-14.128079679033183 10.784806775501114
-13.306935955392639 -9.5370719969298
19.754240120031994 3.8119237122192438
-12.06534402574043 16.246094749335242
-11.721493313358412 -11.31106139936232
16.17825148939646 3.9861116674118477
-7.610618654760376 -14.98420631200819
1.8330747558159608 11.852834450067764
7.584758317688941 -10.06744238675278
0.43735294937004454 14.219919141977599
-3.6219604613438037 1.4687071324202918
6.88035011023927 -2.904209296009739
16.437265081621696 -1.8630730882665958
13.816880791200333 -16.943592969203856
-18.935159366046165 1.2209094077884863
-2.847061629026591 -16.704311856367937
-9.317367464966813 7.958501274096093
-5.936598197658988 -19.83979628470284
5.30130650931293 -5.769899027801744
6.0744156326741106 6.8301927976660615
13.303562331377321 -19.15575190036754
-10.309152654461577 -4.4675202287505655
7.8189127032705485 2.028447596405872
9.96033372457984 10.204085867198572
-16.8105518696758 19.235256547451407
-7.932770159013165 -15.503459523428562
-13.545502215758859 -2.2517837880331086
-8.783120779925667 0.22153412846071063
-1.4568741503067528 2.669644546908007
-17.120269883454103 -0.03659665704331516
-9.839024298321043 -17.106064845319242
-7.117779858796389 13.637872165689181
12.155985395604446 -7.769373584676366
19.80432798864247 11.041561182107941
6.153245211119767 -13.913129484619699
-4.590893796071711 18.560576709477637
-12.361193216644804 15.825555655616505
15.978169237545607 -3.256068097646768
0.8710483978902026 -8.68066774339798
8.951623134826626 -6.8794807197234
-14.945232077619828 -12.663309129156687
-19.06369597038182 3.2568009294207023
15.83169863708514 -11.666748337386913
18.67206096198268 19.60074406040861
17.777377971729756 -12.727936737321786
16.535946935711976 3.117727925931426
8.108774024163765 12.964290257057336
-19.140110246919164 -14.798371602835875
-3.8848911424239745 16.937682467045157
10.480854483897172 3.400960856815356
17.840115698093477 -1.3055362895334355
-14.885492662720168 14.620389074141805
3.183053554216837 2.117391855233137
5.998186026124582 -0.42882083779235813
3.0920214143460782 7.739685092773247
-3.02973584525191 18.038272443728836
-12.671167191876563 1.0988815107632988
-0.976527981205912 -5.487850445735676
3.095253439393577 -15.725920758717912
15.243526601792674 3.247802933793249
12.500522028419084 1.6264042784245945
14.439046246586159 -16.062048914287523
-13.548523037320921 18.050756744496105
-16.7926206972039 -8.046794077252333
-9.738726450377108 -13.024139742744305
14.525652359953114 -6.814703365908681
11.062748723097702 9.385208721935605
-7.793794295293225 5.667919149206323
-0.670847183174228 14.88430448803608
14.494183639370043 8.2116208655113
4.179092370685346 -8.436647711748716
8.031038285764382 17.81860514547538
7.049038819073452 16.90843012601971
8.374998500688505 -10.180740416429854
10.547245666645427 7.444381272680118
-2.6711426704236985 9.961390090662398
14.011623815697526 -1.2583591500118771
-1.501352024345426 -12.187421353203426
0.6320323071827332 -8.011902671754324
11.40305587519105 -10.71144138842985
18.54956611399831 -10.58615394400289
-9.716829792988522 8.912827422889265
-13.154025823814152 -2.253912878328034
7.552831724137636 -6.623183522928681
-10.439341942804873 -0.24051984934281734
-16.656970789479377 19.27033420704239
-15.568495980901837 11.729344204773081
19.696253502106238 -18.20483136747513
-14.305021657687846 -18.600657454494737
-8.638221782226587 3.3398043187765154
2.211804506115854 -9.31097551572661
-1.5824961255915824 1.99008012343851
17.630747648058517 4.678737446311597
-16.823243602794754 17.462744669119644
-9.00791314350852 9.892182779542573
11.198391309476929 10.652601229353117
8.210344662729312 -10.9307533529045
-1.857284624885807 -10.43809802780868
-8.090066005830687 2.2213204157967184
5.1644903487202 15.300304684749683
-17.915573862874012 11.815896147358043
-5.934204366734232 6.537652639284687
-15.327405400431822 -7.368491071637159
-19.12013846613199 -14.040891456285763
-8.140609068105551 8.576197288937234
17.973545284752753 -3.18900459822666
6.4884048310574585 16.910532052901914
-13.77063964661708 -1.8086957802978922
-1.8414445627295137 -12.769797677755022
-3.974489556545606 -16.341040714596964
12.525558252805233 -3.505123019154418
1.7827465533141122 -3.436880132828925
8.874432555079178 17.82829231300292
-17.659384375913266 2.4209329610102124
-4.669227614446573 18.05781204935036
8.275370469579187 -2.9680017423320635
-16.024482901246863 -19.720937078016476
16.487884066310826 16.002533678703536
-7.650687187544364 11.870961272809932
-18.766673859025538 -18.960181041286894
19.53541517516681 13.2020354223297
-7.097975820057618 -10.953370695666283
-8.518948334374858 4.3809634264363595
18.425893710462084 10.991414949708506
19.9682691362002 -0.5333118700644661
12.396395300630786 0.9845276390696576
-0.10971302203006772 2.316188286063557
4.54300557896843 5.574931753257491
-10.42821127135654 -12.289236581865236
-15.718037549297756 2.992915927262615
0.04450323689638225 -11.575949777397874
14.903590082801976 17.601022337350976
0.487423577966144 15.90139721709901
10.77876439164455 15.257647757047124
13.00786065856687 6.829354217420729
8.564622987247532 11.14332539175475
-4.219875145697799 17.446649420155126
14.814070756548013 1.079403771252565
-7.306298334801124 -6.971313501699923
-11.283947673304686 -1.6900133205118593
-3.443292929852902 -13.898890477651648
15.296300160822312 7.684940687054926
7.739540385562101 4.626269339483603
5.8457847778782615 19.676185021646468
17.32513309191002 1.1255480660556927
-19.942339773590145 -19.856235459867328
-2.1839959444242716 -4.134258672306537
16.360533978766995 -2.754653240496129
-0.24827931415910598 -14.64311752932323
13.02827598244616 7.199805382520005
-12.144780790845363 -17.026210613547462
17.323591107383322 -6.366361108256168
3.1970407852680616 3.235794792472241
-13.697134035461058 5.814422555887951
-11.51895268802539 -13.575239591454235
-1.9071293662784754 7.4565890949240945
-5.49805117919313 -11.487554679853606
-4.851789861869197 -17.33530763582415
15.827218700707505 -16.185191376884628
-10.047516781159551 11.138197931773735
-17.287243681474504 -17.64751499721467
3.7367151540177836 6.066459676636043
-2.4435524530556947 4.195715321983897
-6.698530230971663 -13.769984485903656
-2.828919244047409 12.989579706682207
17.29505741195924 14.552349459428527
-13.985200279064752 19.373345021526276
10.260077540389787 -13.226771940740605
-12.683612078775436 10.845575942571472
-6.092939445372201 -12.318972536215167
3.528909161804073 -1.6773978200086006
-4.2757310764637815 13.645755702060576
6.14742865048548 -11.69938303217577
-16.38219240372162 -5.408682753217086
-8.590787311216982 13.443880273250727
-9.292477766945906 14.070098352030193
5.807550425320471 -18.57590328959329
-1.3911649157297603 14.175739663006219
3.1434426652389007 -4.292863626790231
2.6873164492940163 -10.327527714818018
-13.778058767794175 -15.415881858824099
-16.972282286043754 -6.373785642599659
-9.089282719848075 -10.077043123642483
-0.6565361118660817 -2.101239970889509
0.693022563587455 9.07603736372543
-6.607289582625079 -1.5549999679330213
4.111084723508114 13.48795368220403
11.364411618561125 10.681169164752799
17.485132161193185 -14.460992815716969
1.9266472056883188 13.028896343724547
1.833361889187369 17.637773723801715
-14.49451580690392 2.1820393346978335
18.612512510554126 -18.971433857318484
-19.230311735414144 7.7211991763389385
18.050324322932802 15.622225974294814
-16.317989391876345 6.166044719763633
15.80877899856469 -17.16895345599053
-0.4606032282450734 18.334359967504675
17.381416203901182 -12.794041842235778
11.160719973216267 6.033930788690789
-8.58592118641785 10.344039565013624
-11.133269493507093 -12.263267799028007
10.322277968681128 -5.1069795585325615
-7.870841319151843 13.960853359202702
9.282471783107606 -11.724208011417057
-3.1218385065917786 -9.513639573588684
14.934791079044977 4.958731690458805
-11.417296413991597 10.560753647889992
13.00981149064269 -16.543437560180028
18.238226248787242 8.670591357892551
14.253664445884702 6.1634711032732845
-8.684819180532353 -17.29447375901595
14.216987205621557 19.878067394154726
-18.8905719155878 3.9950854163214764
-7.10300421141147 -8.687575967219633
-2.0321039117902373 -13.978942484422463
-8.3293578151312 -0.9594233162765704
-18.91940859705982 -16.233639820329735
-10.48079003392537 -15.625524356407743
12.004613672865432 -9.052392493662147
12.015212924421029 1.4061718532801102
-3.444836289049192 11.316157184245416
14.727393946872674 4.378613996907195
-11.72536532574064 6.803389189855022
-19.73091405137715 -3.207394795648568
9.733071492747307 5.684212086322713
-12.836518505363381 -1.5976671001822211
-4.933054823784474 2.4314242671008266
-13.22416280835804 -1.795268125238433
-3.460194908469166 4.922596692304229
3.967490284700194 -9.374526181751076
-15.359627730979097 1.4891587931108852
10.752220009319835 16.981804526014628
10.518132995949216 12.048119161914613
-17.986461399101085 -4.172940547618893
11.71516061706475 -5.029076495548921
-7.727175266747732 -15.731376138697946
-5.285150845154458 -1.2328558951914381
-5.2401884551640165 -14.473972261691461
5.625816278092746 -2.9773824722412883
-1.670389886731499 -6.922609216711081
-16.44217220588687 -1.288186995548891
0.8687229882480629 -15.530473493953645
17.409399612878154 -0.03502395401384106
-16.62286365407104 -15.13365186420447
11.716705115875534 -4.348556650241111
6.500028741950953 -4.774674604667561
16.253294601814368 -8.186267322912983
11.608870563281538 -12.001351138207092
-13.15568110855606 18.75768982366251
10.031120019271679 -13.568486725104712
-8.947688379418818 5.709514689501944
-0.2785665272922202 6.740678938926958
-12.49172095724215 1.75116164680216
2.4764630498568287 14.41006816526857
-10.63461532106948 19.453806736124967
10.147672584188605 10.994598735704137
6.527081642791362 -2.4585935175573326
8.725889707891206 -5.240062591518102
-16.194382522649384 17.16156608040847
-16.71883750391743 14.492997839059804
-1.5348420538467131 1.9341700049766253
-3.8715516855866667 -12.804354692433332
9.288128890300001 -14.061583162363238
4.088522015095442 -2.7947018724918884
7.796609210767123 13.181525814544692
-16.932515270508116 -12.639634467590213
12.829447820813897 -4.8380252332331874
9.316819649656388 6.774684567870889
8.292810685284117 3.7401943422126074
-11.943016760549003 17.734484929890876
18.118618211331082 5.40941949990291
-16.603697286228897 -18.08052608916097
18.587224349360802 13.385463577988602
-15.609810584226373 -5.163081287729545
18.366949254914623 -4.209514742590157
7.48821456921133 5.994590422790083
-1.6867185909631601 18.179731053819445
-18.8851386864058 3.278339894976039
8.27753872247374 16.391100995628676
13.608610260433181 6.852447648630111
17.27279667545332 -13.530053125740022
8.897646800094073 5.440874439556467
17.375440970157698 2.515602767278157
-9.082188257286194 18.908144350926136
-2.8009083610782284 -11.523914704109345
-0.4682102807016264 -2.0257993246561057
-15.644331124049886 -0.0771412102205602
-11.819373923719239 9.092742109685563
11.929589262435698 -1.7875943629170408
16.40022405989506 -0.8901978796542949
10.456220900177353 16.245912713195693
10.064996093143897 17.38359699952226
-6.103402307221458 -0.6100557492974126
9.64970468227282 11.666668372263697
-14.37898833826084 -8.863853520423554
-17.594075450684137 7.159761136026788
17.394081696619445 -11.920237402823002
-5.435727559379329 -9.670984806336062
7.4233112025667864 9.811649358867648
-14.910978595492255 19.376113664447097
3.81189574690087 15.963065671462253
14.566467419503013 -13.079823016234577
-19.125674495664306 11.669024162379593
4.177727265781748 3.5911651425391256
-7.080200614031572 -7.898749793124168
1.0598408584640495 -16.64088822568576
-18.225778906446678 -14.58444427060181
3.0672212773671426 14.855000828296298
12.466281411918956 14.375032259402147
6.594632432956992 15.831120974040722
4.190191759968812 -8.52844885132113
-8.881008895946794 -9.92900131581103
3.0683379107659157 2.9958202653089394
-16.08838351644117 -10.912707629628944
-12.390699347775524 14.212943231859242
14.167178459621972 18.160928718463452
-0.934408859337946 -19.922017879422786
-17.83947618191619 18.75148628147842
-2.9452904057563067 -17.164932669462235
13.916119260270563 7.295275408173417
2.5466023222605187 -2.15777501821308
-6.4089818159528456 -0.7853155276750599
9.29448482137203 -10.427262593154115
7.321545189288109 -11.065720874709406
4.036234427019224 -11.60982691875413
8.720205249204742 -14.009496894473145
-1.686013758916296 6.323077691621961
5.458141831077576 -16.792383823399966
12.376324240660182 13.567325626218235
5.130959511885781 7.714502412812976
-16.505394217870446 -9.094718057745062
19.00195609761286 10.60989172359086
-3.822224675733036 16.51662530592415
3.216800359467932 -4.435260727281927
12.794052880811542 -13.810552937292826
-18.26709254712742 14.103019523099611
-6.975675792407872 8.328046454054522
0.0065987941291894 19.59733164447381
15.314511205138722 -16.277466703456614
7.920972244013754 19.784662528267553
5.702028582603088 -5.397965096028496
14.280135757643357 5.963341674524443
15.637577122787611 -3.190454447654684
4.711569332679247 19.446551414484162
-10.938320682787129 15.627924997370364
3.976985546278673 -0.384533179954726
17.115239045791448 19.562498450552454
18.794285293961465 8.980739243334138
0.3023305867745876 -16.095341710744545
-7.1982388183710775 3.92340800685362
-2.7431881872326294 -15.945005844499516
-10.237313871514168 12.825184612578525
-14.171075957466064 6.43892746316336
-17.1781725762444 11.514492951180102
-5.96334666256082 15.382131094312264
3.8593212629312212 -9.581215012661733
17.53096391816301 16.076766199016134
10.022272458223966 14.36106010937143
-12.50747843403142 5.056779279465744
15.69871593981312 1.224835211145674
-8.613359948453262 1.8250964531618585
-12.811572745293113 -17.136644591485716
-6.421071474745688 14.107755105747614
-12.937315310259464 13.219294577403275
-11.368749679073753 -2.6443067714570674
-7.744032661042466 -12.38988425437865
1.9542689115755287 8.090585966936708
-3.4759467044983303 8.12831762193423
-19.099475885570474 -5.351060871070397
-0.0430414559227259 6.857872723672006
10.95713883402103 13.615763559235631
3.568223966268839 1.202052193134815
1.597483072551924 12.77824127137822
-3.301729691550527 -8.082886324421805
-7.011018720642607 3.033650469771505
4.006003790942408 -11.0056170362774
-11.573936997632245 -2.8371868682706456
-10.231653929840686 -13.589907235715106
-10.365045357857978 -4.758331288229304
9.129040498926443 5.6595211648121015
-1.989367796864535 -1.1596029184321566
11.779279360155485 -15.989704338125534
-13.016151359700823 -10.050025791048881
12.805559817782765 15.7243988382806
18.58174286130368 -8.990498357716522
-7.532974638606159 3.9158183200180297
11.596099518965062 -3.921471375318678
-16.299940008987384 19.44896367510534
6.575853418962119 -5.2141559476832455
10.867379923679469 -9.844961821479131
-16.888937998186336 12.171238141873012
-14.138267248730823 15.1571697853474
1.2653098586641391 17.028614580558347
6.887130881801305 -1.4434818758180867
1.6168087376818185 18.58527199970667
4.0972301515948715 -9.654255577909057
-11.660488800069224 7.845838393024984
-7.508926571185949 15.496933915889016
-0.008673824772781558 -17.44704695664595
-11.266997371694725 10.150258538518756
0.40435354903704024 -5.090516880324243
17.392206194101647 1.8653950795740926
-11.934282932702018 -1.167604099727825
-4.024741737672247 -16.451472307545913
-6.988197261380499 4.831550816875449
2.0473211214532974 2.0041608344699284
-3.5279368826766877 18.762720407411265
-16.341307729902677 -18.0768671076139
15.353773000953737 2.8078796047890435
2.1081374070301635 2.8516185393296603
0.6614086000162303 5.459479419477962
8.151794350700712 5.247322635572971
1.6227005232512894 -10.783015051741272
19.078923999513037 -10.473241229500427
-14.091121388951038 12.02546098946005
-11.848697202215872 -13.15023100668856
3.76735278488896 -18.06257786951765
-15.131133967900094 15.013242742551007
10.699717302808558 -4.941582413149783
-13.118090802953617 -10.975151888714251
-18.133061029654026 -13.023988575152107
-10.529609363066417 -19.251328906562573
10.805131866146326 -1.3206887912273082
0.5107301531740802 -15.991126606375143
0.6625966169183002 -4.523682627881914
-18.592456876444906 -6.728116724745522
19.71752735953489 -10.924249755874978
9.921014695157602 -9.283830974952409
6.640240134882795 6.560120065573063
18.470806773055337 8.814989965638219
-2.334540238567733 2.9131715837159966
10.458758596874244 14.685385429765006
-15.698713337411373 -1.8339427936671413
-18.628888610075904 15.196301133988626
-0.8106798253722083 -1.5585716352454249
16.7731952030925 2.3528569947635205
2.0700119219992352 5.82237024886885
-7.314642583191851 7.294407466049783
-18.91755037011384 -13.764417010974563
-9.218880827109452 0.7195692632169042
-17.385354123562237 -15.924197900905796
4.4905015790162075 -5.387750391166808
-15.689102712578142 -12.009390972834648
12.900923169085779 -18.53252415133072
0.28581840297389505 14.695630767609714
15.25211294808453 -16.348816912697078
-0.6874737002051923 -2.567004705386701
-16.91081507159739 -4.843559098457643
-6.650893311945087 -12.435985571805102
-18.54733917341575 17.21959794214326
13.568644852135506 -17.921219151338565
4.972305822916976 -2.071455180748263
-10.986760583943283 -3.681593992536264
12.369696152415116 -19.775460285599912
3.4776944285437565 19.57067770749206
-6.489636147067426 -9.73312467384687
0.33023001503881133 12.02427685370499
8.795987194010799 -17.778566440086266
-0.661368013175462 0.6248449888438934
-3.2764170666768067 -19.14554875449195
17.721993678861764 7.774461981130678
5.674502074155438 -12.732237466038217
-5.9336140837608795 6.265878880538558
-16.124157602329205 11.692646217062894
-5.29024502609834 -19.297816386152682
-17.62275048821121 -3.704264017533024
15.277894140102106 -14.219717778601218
15.950404209394165 -4.886035492468007
-14.32387842859329 -7.720238254760542
3.852126715152089 -13.906430102689477
-16.013588562319537 -3.9508597180692604
-16.96902192532034 6.523032425966839
8.331731790669625 3.0915695597381507
-8.918536688839565 -14.56017467521641
-4.03137820642641 9.800167978348853
0.768557962977475 11.288664609398516
-8.989789545709414 0.29883328396996234
13.547108404538896 -1.6073164822668957
-14.581074639501765 12.719456062376977
-16.227430615407936 17.900099957626153
-5.517228968528322 4.597490773078778
-3.078248664544134 -7.157520625042775
8.892406190588172 3.0771451903843
-5.631000798278345 -17.072913057269417
-16.218121921838083 1.8141070314450225
-0.04863642171052618 7.300381695064626
-8.682898795276275 -19.889164065037956
-14.55459446300007 15.665693325206519
-8.523614590761724 -11.44572838365891
-15.043533109009104 -13.324347319313826
9.815200992094976 -10.643874692262404
-3.374683803818641 -1.0127548900979875
0.3667790545685392 -3.3449961920426894
-10.031177479387816 -19.699488490452303
15.492741203566602 -9.49791721868519
-12.25694824943417 1.2667518768316022
4.101500716087251 8.277556792349344
5.442276676223308 1.4653326366444794
-6.684772040062686 -19.891356126533584
-3.982794216643292 -10.653569911311154
3.6462406471990327 15.05388036095762
-15.5332497017857 14.065926666007002
6.036020911463499 13.888365447610262
4.630117888809121 4.4885327349086594
-5.152241816092786 9.99661376970824
1.0011062902022125 19.56443383336368
-3.739054365880193 -6.9148893173238335
-16.193992090314623 6.310395133866308
14.347635970614249 5.462085672034416
-19.927244766356146 -16.826886128729072
-12.470652759236408 -5.668487706480274
-14.528914123944482 4.737308497267168
-16.5902407725776 1.1859814379597893
4.574244090129056 -2.3357662904861414
-15.782059112355808 1.774329043688219
7.85974472517011 -2.0991215726026944
9.706370332799558 -11.359026668653541
10.913597091894506 -6.423673308258579
-16.442887436688856 -9.458465351251357
-15.37044566970902 -8.599250598013404
0.371551735203699 12.42471059557198
13.609271578206375 10.288227208549166
-5.14016186355426 3.0628456644145565
10.390884898383813 -2.355394944538155
4.369897107901117 7.7197759361870055
-18.353971841792657 -14.615955616243571
18.80754793034336 -11.761006056208053
7.953779449040891 15.048466967929663
2.928364279981224 -2.3133557048353346
-18.80176158020481 7.526817392561902
-6.964242703340684 -4.787238284132886
17.34245274931976 16.403839544572975
19.60882415752915 11.173134697338195
1.820419936214602 -19.30235249055295
-13.157215618890206 4.587652538291653
5.683501400060184 17.817403007869984
-15.98842252229781 12.08251118588337
11.578937105921558 -17.941899831829772
-3.1284716485403408 -9.284960203945616
-11.313274556164039 -5.19101805657602
17.401120909253812 -12.16572659461956
-9.828435073599756 15.101444336574069
-0.08737419989031636 -18.327479601293174
-18.95787666388021 -15.349512923400454
-16.92478376969952 -10.987085099793452
-11.37001097249167 -7.964811432174406
2.43729587973759 -12.454385301775531
11.334792120253692 18.640155856665096
17.344521264087 -14.199373691695643
14.371307386414294 -3.7535345554588027
-7.7677508639337844 -2.7197710371914674
-9.031567430045989 3.2043764641191856
12.466586437423295 -10.464840912930358
8.929544159196993 9.431537185995715
-0.10061964949872859 -6.82243310218948
15.340098519545897 7.591336659239161
-2.725953948070771 -14.242829908314384
4.406926354904993 -19.816199250250214
9.734164633209922 1.6393125927671939
-14.461996390954258 12.183000165693997
12.567988151786771 -3.878585737317234
-10.272895131318002 -7.829453147192007
8.908333410220322 -18.7919920215391
4.3067489647761725 3.5532595621756613
-8.548532997323033 1.2656376332622443
-3.8618058157472 -13.082058575214974
3.3075178591888132 -12.396384024130306
9.600939410283075 16.123499553332422
2.709397146562978 -16.77254936063383
-2.539489701811224 19.15760274939521
-8.892703312236163 10.01209245236042
13.072972749925007 -16.12468636970818
7.5440547067934425 -2.2472927692499596
10.361783018200008 9.559697880396818
11.8180348844636 -16.6789746045573
-4.791313263515082 10.821668838728332
16.67384803905064 18.60200981964305
-2.483269398613409 18.539103308513965
-11.5563194819091 -3.654406403138669
18.52615840834106 -4.644740667393265
-4.4441025297230965 18.834665156076113
-11.144300664088771 1.5196291464508178
9.29627724160342 19.31745922275293
16.299810540752645 6.355706013401836
-1.6251811262087692 -11.437774180338272
-2.140333920585938 13.026135122382186
10.365616561470556 3.7739829535247402
9.168507791646672 5.286939934659905
-6.954363855402095 -15.986984881439428
-11.137313502253537 7.07184232543376
-15.363812076142898 0.6413676045102861
9.825930894323843 -0.1891508951676144
-8.56086203382796 -6.019210374367434
-13.414891049881978 -19.54764435343252
9.346954008526499 -2.0837996073209624
-7.136561289809297 -0.5491065293642592
17.279351295556886 4.122393583942454
-1.037473131792808 -13.273795939360475
-16.461040343026504 -1.926353909497788
-10.886146890579473 13.858669630669873
7.806804338084202 6.984060206878382
-18.60398245124425 6.873773464677086
-17.516408316994582 -16.605212769054305
-18.77266711148856 2.664095358493249
-17.836733619348863 -4.7770532475486185
7.947757668575299 0.45931913573836525
0.6683102551967082 -7.2101016717768385
0.4217003239301853 19.282188646739378
5.2576466231796175 -5.5119428159163455
12.54676275787319 19.404741661275963
4.264456492465701 -4.191331430140526
8.404597933082265 17.33098269668649
14.771977042289421 -2.4193227232058874
-15.296164791634892 -12.935381746432304
8.954181881702738 -17.4513614919225
-3.686747648638736 -1.9726888587329796
-19.369829370897893 4.529080144698149
14.843084561114239 10.25712514421405
-1.5865456494585928 14.85816948081245
-12.956030223471409 -0.12036924212337041
-8.331414997260094 10.792239696727734
11.617299096388862 1.7885116488834925
-16.618004767376444 -6.599082539575365
10.636020372630593 -13.761108068784527
12.524097716756515 9.664627699259736
14.422617701471339 15.749551660548775
-4.019100868687069 -15.134326802829584
-0.8989411724858485 14.74401861778614
-16.232617724449597 -16.70131451399707
-3.8213774847808004 -11.802922688065953
16.60541852115859 -13.383301862827178
-8.29639781358972 8.870970810263387
-16.700411421257254 -3.332504022655499
11.013407978603318 3.6607757053219245
-11.712205180380103 5.295291678345315
5.3387630870271074 -3.5547814119509127
4.513994813443002 -12.897431816372507
-14.963634986848753 -5.615532822616736
-7.32601328547676 14.697636818710393
-4.091752897980303 5.031674691908737
-18.29026229846633 -10.974924553850919
-5.301799814993981 -11.65095602927578
16.351786099342107 8.726348295431237
-8.861073853644932 6.490135413133128
-11.086430314383016 -18.696116104831468
-5.341188079374689 17.392838076040135
-12.657442039062614 -7.899110265769163
9.866307377874097 -7.936685699183904
3.8429729455274853 10.329111553234721
-10.604249573594098 15.751354331567235
-1.7418776041904849 -14.767597465914823
3.590266590184509 -18.258429182642438
-7.469794655872111 14.318549930242995
9.34122776318642 15.772500178998385
2.175283387978997 13.666148825626742
-14.599407337666616 15.614956196188842
5.228281305845137 19.769664503819413
1.6617635686634848 9.288945549071155
12.020730109788666 -5.67783530037822
-7.047804724143575 -9.267784453191537
5.7446508855433045 -11.071723506664188
14.901246786354811 -19.453194847824186
-9.216795302328782 3.1954370091728315
1.5685403707001058 4.47670614863215
-1.7508759215639778 -1.6052063279180864
19.029390216198287 -5.503899274272669
-12.287694140468606 -7.729036233425131
-18.99318128124338 -19.929548793851552
-7.199455645899162 -6.231001755848421
14.663389649663301 11.219900344714787
-18.02924822610602 3.1125782865989216
-18.47052940331938 -4.4688752144837895
-9.39187377552579 -2.621649856605842
-19.21361292800389 19.926275944398704
-1.5336547886429521 6.350821298403343
-14.865769285164534 10.533449132145002
8.647709818566753 5.444125473717513
5.824090618439605 4.7586181458627586
-8.44019212595982 6.882721660350889
18.63673328321751 15.577507499914212
-12.431135222684695 -12.380980231701205
-2.1634842514049026 -2.8100010423481407
-8.35170865001649 -4.5462656623624795
-16.491774918122758 -14.105646988332904
-8.579064833048413 14.576488413339248
-7.449193598082534 -19.606363400424915
2.208685605982062 -5.103945743219235
6.837008705541166 17.326286702193748
7.761831455337543 -11.442099187393634
-16.025933622182087 0.5852985117470091
-9.271204611272758 -4.592283810140341
-14.304913731108462 18.06032572206314
15.67359087865195 9.100806026496432
-17.356185126743696 -1.2344942682626154
7.348686429575363 11.987436844614365
-5.422969342339599 -13.97160725007533
-16.087956300612905 -7.278427363863997
7.7889901361060865 -15.225867408773063
-7.341978795397548 -13.692148799449244
17.729128087834127 9.074758537980586
14.063304525825622 13.783836106925598
2.313204557202134 1.7632854413769827
3.1927598997306426 3.076055729066862
0.04987725113437236 -4.146389112952464
-12.055898246762332 -6.998619660642822
-16.75406258880871 -3.2758696688611835
-8.305467112267584 -7.728446658965442
12.521133071238843 1.2455613492530269
8.681619993710342 -3.408561977587823
-8.298031717850257 3.822156936647154
-19.65674034685772 -19.514916501735534
-9.975119603502538 17.57289628579575
18.106546111524665 13.877297217622306
18.161185923653107 10.963331476835421
17.235169212496878 10.60916302678152
-19.38217257423421 -9.683797876310356
-13.416703223503909 -6.877945884221219
-14.106335760147282 9.645044480250107
-15.201797757932077 3.738229300007937
-4.0993807926888195 4.25855330473658
5.185386527291712 3.907866592583602
-14.204002231606875 -3.267588670586214
-11.94665929059385 14.104282312719945
15.98637749916628 9.31693453803122
-3.153727244168138 13.496487967264322
16.509021945323 -15.346905639319296
13.195366409262334 6.60048579938433
-3.601860881434142 10.027725097128176
-13.714869102415651 10.088622384451988
-19.789210661116435 -9.098942726650382
-2.3455369996362307 16.508971486910887
-5.250397473766245 7.410442413063887
-4.965081089141986 -9.064924336516288
-11.885130136614745 -15.527406809063692
-19.442782095856902 -10.544999999398094
14.255609151985517 1.5472090421006968
-6.792798927244913 -2.5186048966523913
13.100178186766527 14.860851904843472
3.289318707989544 -18.694509292723012
-16.042780787609786 -0.47787970108279865
14.78584063664502 11.891449380802083
17.050336954949323 16.445737732620657
-6.533294080738802 0.16540145847985244
-19.849425853363194 -3.2144595634502693
9.631144440132651 0.5290554294553083
13.139436283458835 8.069226617891054
-8.013086697783013 12.205006275667877
4.623805383962836 14.518503669838623
-19.681942146518097 7.222245781333658
-0.00916126482081836 -10.403592668061465
-19.113882854891152 -8.189787097051138
-11.525193830211036 -16.67949372837178
1.5345345538837236 17.64252428748832
-4.354412165578498 14.707571858112871
5.209055026836683 -4.418311416534202
-18.23184516509711 -6.8828490304759615
11.930091820055399 12.142142275319372
-3.587147764560058 4.137303734204526
-6.127507570138192 6.395894993912627
12.824033500902317 -1.9921139552844558
16.06588778535692 -14.173128116162559
9.608634271179277 12.883816419111518
4.720075651438286 13.768007746615126
1.3977815003045855 19.13597873469373
13.594194920020549 -11.03950567368389
17.132631118208018 -7.360334512803043
-12.687881760039215 8.567804284281884
-18.79096476655829 14.06246671097638
10.531241120263076 -10.825380167314043
6.332194570503411 6.452574852885359
-1.436815879211725 7.352448576848975
11.7347417922429 18.07257164507989
19.958061709387444 -11.713050922474801
13.420504840868375 2.246296498627437
14.900165858565188 -8.83965156277467
10.623845940514613 10.61908198062617
-14.269542282839897 12.55257132739645
16.245008796915435 -10.48484259132072
-15.340576261226566 -8.466178926471022
-19.465885023393955 12.880445541477378
16.561350499194482 -16.298265271079995
-3.35897128727472 -13.252394553038332
-13.989009774469427 -1.6847441859116827
-7.034298644642881 5.485363540020053
16.828857001950162 -1.5447959864539058
-17.635692255144725 3.8879589915039183
11.525157830621204 1.114505608760048
11.624857026961305 17.37328681941947
10.49345035791017 19.467076718698443
17.12930516576506 8.549666922552358
19.968365360180023 -17.491185294437912
17.715891192665644 -7.504040377972663
6.013155298887277 7.366035951085024
4.195457436549486 2.532184318629156
-4.398607070437226 7.6344596170556045
17.0542244537438 -19.537301818818978
-10.256096142047376 3.869437306424505
19.042149490565556 1.6659264799799764
-7.950594687499537 12.354282685815654
-11.41512772197748 -12.840551754253568
-9.836355515580152 14.2578623094388
4.671517052659073 9.004487416725201
-1.0095675763594336 -14.472110894006178
19.65837261603572 -15.501853089032739
4.814787131697507 -3.0484741066077916
-13.572025151391074 -15.621108441224285
15.87525459251529 7.109252285385974
-2.0013085060822213 -9.931953869727943
-17.299075184124337 6.536870819654638
-7.890647737022185 11.771653564203689
-18.044562466012607 -8.84344652212096
-15.435144274675539 -3.192512502549114
18.38247738491671 8.562009207254203
6.4773438592897215 10.65075979477961
9.63582295740867 9.692473993690477
5.503596993826978 -19.09002539678758
10.445392936239784 6.869986227000485
2.3123503187335857 15.582726321705891
-19.511514965802522 3.034497358472432
15.665901213944444 -8.332654767715319
-0.024525393680434604 2.814954117261813
-0.04234799663321098 -15.392907002652407
-4.37217374120927 -11.149523003171812
8.264327363071192 -4.266563003394094
-6.966257438137662 7.210055209218147
3.7302524949558276 17.621880588061032
-10.884529951263207 18.257579801097556
15.16641436774384 -15.81203573280963
-10.67688726034078 -12.334573475485865
-4.59932395871375 11.290428706063828
17.232015725750408 10.725984047649412
-2.200479491635928 -15.229657565492216
0.5883369987837348 -5.511066764210337
19.137092034731197 14.897205616538422
-8.305913758398464 19.003711110567906
12.628067220170173 -7.477092691670215
-2.6041195217561643 -9.487641639277475
-18.94529559058106 14.472984121332573
10.890011404430894 -4.998982618919786
-7.188794265436735 -7.458677323797719
10.22392485409339 7.290780865657517
18.70939651648341 -11.541317039321001
3.342834852601161 -2.4625813395888727
-1.653446677446027 6.738946753546102
-10.621624034112966 12.132505022060954
3.706986751853073 -12.804695223818815
9.123997834857967 -19.458305396523397
11.218603508657672 11.97106644830307
1.5350462307994626 14.00415030910137
-16.863686150678948 -9.645500368036979
-8.59808298319249 -12.338088730739738
-5.372559323993652 -6.308967803581783
-4.552373441203592 0.12432534398016415
-16.24257119482732 11.40926910242058
13.657243870067454 14.103991506976271
11.2771321607223 3.958390517238385
-15.625041694215183 9.157286124155473
14.715870884433365 13.855515570401302
14.7992381474685 -15.906581308510308
-14.779265640160455 -18.549757224455917
13.385415134898416 8.88928393258352
-5.823132570407372 14.599585996467532
-10.857262486026142 -14.727867049294243
8.110903274764492 -17.233969628977704
11.13855331691099 13.541894445485944
-13.990978544285895 15.59095402581216
-3.243185293703611 14.598744273833724
13.598278502460936 -19.088843054730063
11.34748901528452 12.075153179283483
1.3996576297953283 -1.5493357610137934
9.940440661055234 -16.93130778722058
5.122624226656246 4.221234312298911
8.965895802352154 12.382895456087326
6.820801650395239 2.747122248646498
-15.958987298255618 18.028489642289387
2.2886398863015067 10.970948211700389
5.751066265601015 7.932758688205656
19.91538163560547 4.351710424454399
9.364601541313927 10.934057358468216
1.8273619090875641 -11.237049689448671
-14.2742996453639 0.7757415383346213
-11.108200188044064 1.158390922516297
-12.72599008259689 14.184283154168142
-3.472698792210359 9.0273207162728
-13.214249794665092 17.407984697044874
-0.26073094038222777 -0.5356637198671308
8.364396011276899 8.498446884922988
-7.1272208920325895 13.424320026170939
5.508852188419688 13.80119311514028
-17.66095628179734 17.320949006694747
-2.851540373648991 19.804382720652974
11.657797251867422 -8.265243767554864
6.222357194860194 -17.98493491069862
14.192506430441092 7.228322651657031
3.0781943683758755 19.459398173855348
10.89387314992473 19.15096693157804
-18.94395394079918 -6.137522018203466
16.742440476549426 10.048876310062575
-9.063813593579537 0.7160632989710969
7.334840215421934 3.307388691606082
